Average of True Rankings for each language : 
en: 0.6992436739394317
ar: 0.7082563382363811
es: 0.7064980581604623
fr: 0.6905911330049261
ru: 0.6889290919141665
pt: 0.6890738956928582

Spearman Correlation Results for each language : 
en: 0.5599840060979566
ar: 0.5981295056102676
es: 0.5748779222243906
fr: 0.5492047245766541
ru: 0.554265752106857
pt: 0.541101085230079
