Average of True Rankings for each language : 
en: 0.8149606299212598
ar: 0.7272727272727273
es: 0.7572815533980582
fr: 0.8118811881188119
ru: 0.805
pt: 0.8011695906432749

Spearman Correlation Results for each language : 
en: 0.7335323998191383
ar: 0.6838727521059008
es: 0.7007032056159516
fr: 0.6834288083881045
ru: 0.6870561174469202
pt: 0.6718005798686381
