Average of True Rankings for each language : 
en: 0.7147132456619953
ar: 0.7166661465971854
es: 0.7302214604966899
fr: 0.7186554391729992
ru: 0.7321922363400889
pt: 0.7311946078796455

Spearman Correlation Results for each language : 
en: 0.6197935842813638
ar: 0.6244135984337915
es: 0.6563935618492408
fr: 0.6225214678291486
ru: 0.6581224330828637
pt: 0.6585227131197336
