Average of True Rankings for each language : 
en: 0.8762711864406779
ar: 0.958997722095672
es: 0.9432234432234432
fr: 0.8872458410351202
ru: 0.9588785046728971
pt: 0.6918103448275862

Spearman Correlation Results for each language : 
en: 0.766249251623173
ar: 0.7333457990703973
es: 0.7423785505161888
fr: 0.7619248210666412
ru: 0.7110647772486921
pt: 0.7665836080856845
