Average of True Rankings for each language : 
en: 0.7190747061054228
ar: 0.696477567667779
es: 0.72186261603836
fr: 0.7048681824522248
ru: 0.7228766099112698
pt: 0.7243053403574011

Spearman Correlation Results for each language : 
en: 0.6323120143644864
ar: 0.5716032663773098
es: 0.632890719092456
fr: 0.5834586266010964
ru: 0.6375943525797525
pt: 0.6354485400743655
