Average of True Rankings for each language : 
en: 0.773037542662116
ar: 0.664367816091954
es: 0.6162361623616236
fr: 0.7350746268656716
ru: 0.7617260787992496
pt: 0.6190476190476191

Spearman Correlation Results for each language : 
en: 0.7455180279342013
ar: 0.6667117392920782
es: 0.715763762407173
fr: 0.7367428642757301
ru: 0.6721302455983323
pt: 0.7240953694027238
